925 2890
-88451884 -41056174
-79241319 -46883572
-1616368 42287112
-69838590 -66284140
-11194634 38869277
-92151023 33283
7865847 75636819
-33422404 18403311
-22639067 75203122
32948533 48292878
-6588568 66582698
81513115 141948165
-83396661 -79400754
78731790 177112905
67627548 154989273
-33736895 7948146
67801545 153638180
8327234 43497778
42224688 91283550
-63884232 -835980
97522165 144170679
-89672017 -51942216
-56672966 -33385371
93933011 96282580
95497204 155617946
-22738994 23263010
38237495 97326606
58990963 158639144
61544239 88277770
-56364365 2799168
39427669 131293736
-46711068 37678263
85268303 152008692
-96180420 -37786608
86833910 95883209
75619302 120847917
-78595722 -32591577
-92870342 -7117830
99018401 142554259
41531454 64317629
-97377972 -56446085
25705248 119248653
31027153 77777326
47084575 120034408
77419435 129115342
20503202 33878416
3358411 55663204
73043053 161965213
-50893538 16913127
82870335 124679334
-42039523 3895994
52405813 124509215
51258172 134310876
69391331 83959698
-41300652 3172871
-41944750 27328250
-26484549 815233
-82143957 -41452997
83724033 131261168
63484656 144930425
17088770 76167361
79491229 105939709
89099632 154486939
-27587 18381843
63204439 138736298
-3906651 54093001
95248971 162665542
-82511945 -52673708
-44238724 -26203572
331259 34305485
-2679027 -2034342
-14848016 25424339
-96697736 -29191751
80563083 120212974
-85682552 -59415953
74207765 105252305
-4648348 50798368
38253831 87654908
46468346 88249293
-10359622 46206966
98667667 157780107
21669766 100385971
-66694958 -12853161
56506176 99393097
-59457115 36132074
-54264013 41351396
-27075772 27752543
-69629947 4967710
-16701161 14722956
74478443 151449711
57037127 102525664
92073820 183610778
-72370651 -3319578
-14542111 57280700
-14472053 68283853
26211664 125052922
85100086 88880273
52436981 93494590
61599542 108009576
-89920553 -60732823
-31703648 64321575
87417861 115372362
10562074 84948435
-99053622 -8687937
-86567816 -37973552
-19433890 24819714
-15223600 17652869
89843604 104416976
-71824155 -46821698
92056111 160221632
-29902389 -15366884
-36028254 -14829290
-32107991 -1575532
-28084755 46620043
-5063784 68037807
30283239 53595084
-7465708 76818712
-43855439 28704104
61873544 94326792
16018533 67260769
91547060 149272880
2111280 100693704
-87878190 -69334022
69252220 146213217
-86068440 2655915
-75547442 3964468
-88809146 5979790
89788649 160919115
21614314 103000880
-47259775 -11322331
-79091438 -16264316
92758837 141690149
84681966 109954723
54653508 60036039
44049257 61744769
99908917 138970802
-58596877 16557982
-60980277 14413009
94057755 123928957
42879800 110842290
98243886 105724809
-86156107 12018966
-69804909 6152562
62196225 161685942
73340778 172221670
-25389095 6722985
-11948641 34675539
-10609685 35379895
-39601856 13563928
-48617351 51091213
-47523590 -34071105
-37805945 -30263514
51013567 145538522
96867692 178681781
48356221 87966248
-54271226 -47081697
99982344 132752701
-83386737 -16471465
-40254856 -16814231
20092065 28932287
94891711 175938520
-53962930 -40603866
-86863851 7559417
-82600952 -42154609
96849658 126639124
98996173 121285627
92548007 162242332
2100349 37972261
-34809493 52124202
-58072925 2210322
-97225846 -66416974
55539963 79816374
5468065 81183451
12101155 62257680
-73532499 11407491
-33604216 -8436036
11299737 78283935
13832228 100745398
52609096 149745032
-72830018 -16585856
-95736017 -14108394
10246370 58122660
-80510166 -55352363
-572748 61995073
5356194 27535486
-19360621 39494470
-32809314 66591963
-4703252 84250846
2342335 6505643
91753878 97334789
-92116244 -35732855
-90812524 -12811854
-30525946 -25397683
-40657863 58229307
33806209 63475675
-6002416 58297294
88385476 168782724
25033555 108222490
-61196523 31490511
9730722 72360107
-76328959 -46713118
-96196953 -18487263
46510080 53925702
5127529 65022400
-92304966 -70117174
3743389 76618686
75318102 112989341
-41890264 -31461468
26647747 62064818
71535129 166897585
-80052480 -46708327
8511530 23811739
47372142 63918740
-33074502 -18696913
-9527190 18869553
-86785422 -58451171
10813681 98492534
75873778 98740027
54075712 110335851
-23137623 -10711727
-87476478 1313599
40038214 69667772
55973986 116965083
-28035693 29169994
-66365560 -39595893
17505700 33749184
65845816 162345698
78308150 135935547
78816700 128630268
71050776 79257236
-92574673 -20154111
-16052832 37811105
17115116 23113908
-42222049 25844256
-17748448 18297091
97682122 134425951
74381894 128937930
45457167 117932935
-19416061 7308731
83859729 107861292
63065794 120824259
28808377 52328490
94026399 118785684
1760566 53780173
-83224020 -2024170
62240546 107139715
-71858339 -58822675
-29452324 -11631956
92125892 116420323
-44338545 3051649
-37243287 -32113345
-8601438 59166428
23712337 89110742
37117986 94642474
-98574389 -19763668
-4022704 48526774
-66787819 -12905118
83772403 167161727
-35304547 3458232
-37123011 54294768
71779360 150410486
5132580 41162024
-80252236 -21208310
-2470745 84136307
76485882 120685072
25977071 55320964
-5052836 50608176
87529520 179208772
-52811020 -51234214
60086154 116709091
55701379 141252339
34155358 129832209
93726645 97068394
-33403909 24564378
-81627270 -49302268
58483613 141672525
-61907197 -50968251
25835026 73012683
61213019 108620177
83011770 152849100
73310378 166678768
-94177438 -79378684
75048252 169424025
12594228 50366677
16135759 32876834
95046326 97211220
2613451 48027683
-88633938 -59240676
10256656 34581072
-13094149 52660802
76099139 121707484
-69243078 -64107557
32458630 98728691
-89984258 -88607838
-35354414 46038456
63393611 69313062
-18292963 43000406
39884643 77394151
-67969724 -9826585
-2971030 8497534
-16765131 11623005
18479492 83847846
-45653923 -24150286
-22141077 77746883
82061307 169482743
-85276122 -1252601
-3788838 28046186
51993682 74782752
2110855 59868699
81584554 107397614
47219124 112608053
20959783 110796237
28983751 74867825
-11385613 58221544
48822241 119008183
-80049549 66562
-671861 47078143
68468471 84139560
30795333 80871357
-15291095 -6381610
-88078607 -66550288
-47030340 1302181
34805343 70318094
39550451 106274427
-13392792 81127191
-2924987 54867715
-18671350 76519052
-21183506 26997041
-41325283 -27550640
50925019 111518988
22016398 45320050
16691996 67944332
5725240 69274569
-7690769 16023015
-17369777 47019867
-18464514 24645796
-17479563 23563945
14461442 82758199
88767666 171418066
28831782 50652359
7303085 56070242
-40561915 -11559689
-39792835 15248159
-73697710 5803478
-31350089 19316580
-89290517 8473627
-28656184 -1249394
13096226 15714985
48302887 73739259
50317999 92127530
-27654110 58917936
-19641032 50981337
8614646 74574693
-11892412 47082042
-94264336 -52010272
-69351307 12004172
58708725 92020537
-64353033 33649355
-35390028 32517798
2055442 31186246
-95687726 -22353864
-73695642 -35444472
51412163 75037534
-86839999 -31454361
-16946202 2399370
78956214 157434824
-9254859 58335334
-26785825 71025293
89557472 145909026
4959128 80900800
-37220977 -24504122
10495732 66941695
4931892 43949172
90534368 129213750
-77940308 -37510407
44370339 46172370
45813233 112736452
82291574 135312894
12836355 15432651
98357159 186569515
20207536 71489408
-44580881 37069589
-10531273 86052993
-6009403 78541506
-83371178 -59760892
11574495 48103967
18262905 31668237
68488807 150125324
-64098420 32318800
-37000128 45435635
44098080 79263196
66898570 116849375
15155884 26441896
66216259 156071434
61359071 136776115
-6017460 8382730
-95375670 -66587986
1375027 24153372
-17900895 -3507385
60464613 144099366
11277851 95676645
-15461277 9493946
-95778574 -88792159
7576929 60085490
-34876180 5582533
10680491 92066933
71281871 133002288
-5012399 19934089
15299306 85257889
89913230 181671633
594709 36918318
-59241437 -23348654
26070320 82876009
-68838117 -34454227
30333878 76481677
30573293 44579719
-7137606 51144169
-11276059 43865266
22527650 113476058
-50139994 7400489
-14430203 59306963
58614139 93363763
-13300842 14418877
-60793448 38819983
-67374277 -22742336
-4197460 65598151
31710452 81296966
-31547914 -15156629
-76404491 -48227466
-4031084 48257788
3958791 46962346
27124221 112880224
74912262 114266175
-84254694 -1606946
51739438 123807644
-52456424 28164625
94491578 127858576
-25888020 38100461
-17306279 62870716
-58396771 17625691
-58087722 17220137
45985297 72365880
-28412092 -4024008
78871586 131207788
-92724322 -91792160
54421570 98396294
-71259252 -46529553
78347251 97658193
34327357 59887532
68037538 87473207
74441806 112726493
3403907 92554331
29393945 115311123
-6615579 46720174
23203614 84185022
-57921267 -7956805
-21394412 -19275180
-91463975 -61518687
-1053820 51576964
72452887 85290001
48901733 68466284
-44677322 -40911831
-36737322 8506914
45312436 71944657
6443062 100574460
-29729620 68743559
-96107404 -78163800
36298408 90755288
-23237743 -6145791
-197923 60418372
-26069862 62454848
-82828148 13596756
99355014 190646171
-59146679 37961539
-60929614 36605999
-67740604 -44668696
1334420 34159827
1155475 15414306
-74666332 -35638532
-9675876 16430105
87940822 129799895
5751211 6448872
72893615 145986262
-38775815 49794548
4689032 33081572
-22657097 -19306629
-66148233 -55385848
81450605 164792027
-74840604 -66398560
37004285 48376129
83836803 143803621
-45686993 -29403270
-69259092 -6495209
-43893825 19321964
-92029112 -18342121
80608022 114136571
84372891 112278891
-96879078 -54057191
-80797902 -55225094
-81276504 -52974752
590284 25251733
5352878 52148526
-14109022 -2959513
-49278936 50471628
-99470632 -88188391
-76937637 -60285312
10026073 82331236
-7801694 54830010
-94462467 -19758511
-16852376 49529075
81510560 93565412
-59977252 12338665
-44816164 37570719
-781935 64131683
43754290 67885595
-28328783 -15331264
58903132 68994204
86196174 173493551
47568179 128127832
-2883703 65046183
8853015 88295707
24637447 107607132
-36185114 53473946
-90226945 -32110863
-57317505 -10060801
49018833 104676461
-83697502 -49878388
62809461 131410587
-61950668 -46305903
-38364760 55105432
67836302 104104576
-46852617 7433468
-83187454 -41077331
-63561162 3332052
19643974 50506023
-88812579 3015762
-22793691 76506227
-37572301 -29803390
-64392860 -20037919
41540052 49423088
98456186 121866578
-82567767 -14793991
-33918541 -6868314
31940720 60647936
-26260753 -15239630
35447821 132779883
94382685 165891051
91443650 93827798
84894767 168517806
82363241 132987302
98798365 194245586
40831889 61556233
-24431110 73925605
10120424 55659561
4683427 84602608
-20467033 40488484
35439921 104128942
72285448 121973871
-46024116 775747
-57056962 21202249
97867973 138740612
7605048 81201275
66143397 89032795
3659340 8010803
-86687748 10712720
-6906335 88940313
3917594 47438927
25459805 48136780
55548692 108209425
-19569201 -15168178
53103327 92078411
15806359 37012943
54127203 89986388
84397521 103435579
-12681177 55527179
88256921 142005753
57721151 80325202
-98217946 -58932091
77782541 166832374
-45540000 -3784
-44105254 12673480
-44949786 -43370430
-41663340 25045414
50187912 60959225
94620696 99071403
88668480 172667877
-82740700 -51354335
17245294 41725512
-54460731 17507907
-83813255 -60658954
27892159 48574566
-81527259 -11164834
15541693 39079663
41848938 52920852
-83515499 -37796475
-99325305 -95973984
26983526 54562736
50197524 67942937
48798524 63985449
-67514487 22474995
57575678 101125807
-88692337 2819105
29826425 109669961
98613871 115781986
-52545238 -19337645
72363408 165592314
47613343 140363574
10118414 13818036
-59655662 11379147
93728929 157850649
-54425179 -9932749
71466763 163370016
-98728984 -54383516
62589990 65446209
-73346173 -61637950
-61182527 -29429353
44197900 49333310
-18147186 53295048
-4866666 38410150
59105585 73293743
-80765768 -25478592
-63328417 -11027637
-79769472 11174395
-99558675 -91271642
-95510607 -8896874
29600242 105746809
81707735 136181739
27647375 35129271
-19188504 11874606
5329618 82845181
-67892784 -9847415
-66436209 -25886136
4885273 101577168
-2349276 80402291
-10511556 85411269
95405723 190698414
92733986 146510151
89420823 101796914
11813338 48664774
64782863 102454673
31315135 93520500
10415659 102954894
-79727555 -21242077
43504015 63758692
77249586 111084479
-39688584 -25374741
87631823 101620118
-15498792 82355742
72267806 137826619
36204229 84457956
89730063 102123402
-24884257 36072746
14995402 105776106
-82258846 -8586622
-15773869 58657290
-28427892 -2694077
-55174982 7891489
62974594 84784100
-91680148 -72493899
51704701 76870083
99695181 123339171
23451202 97819854
-15746147 23271569
37734192 65607499
-35550869 56259190
-29286005 -23865718
31003958 130176129
91774077 189826882
-8335965 28458059
-73932538 -24847587
-76066957 13490219
-20760426 12308958
-51437319 12095883
-47654065 33274611
-210940 98953828
25738161 34174119
84748041 128269684
-21221287 39153693
31776857 34561993
71390667 124456695
-63756634 -29833110
11179765 45217739
-40851031 2239355
-48209082 19366983
-83089782 -14221344
81417110 113170850
2129202 65125300
80650150 106273899
78934842 112079047
-62968850 -15777878
-9293504 -6917010
2025790 100103413
57389698 139338377
65546839 118524409
-14340091 64625885
53052501 84748367
-11256686 62450060
33829185 112065529
-50826727 26096403
-62726020 19556846
-39112832 -13992311
26189841 107599890
-15786801 23398893
-18913492 66033567
-2391711 51818212
9562127 67072763
-38970172 38748466
-56757170 29354342
80172394 168663750
-24185123 24923437
-78101503 -76221400
53971841 63186076
74071326 126508735
96664619 115987527
72624796 73330943
15248926 35105210
25440195 110491121
569768 28316819
26437195 107149485
-14161963 78453958
9549978 27378093
93993664 115063243
-42242106 -17109332
66580992 75892981
59605345 117277422
97469789 165646835
33458990 42457513
69058668 125966800
17572158 82786081
11036889 43345355
19745967 86892039
-60859231 -22977209
-61061236 1224090
80713030 107472357
80968900 157138790
-96854144 -91955250
-52501439 -46529215
86136448 167183067
43484770 83969257
-53285384 21029254
48226393 100426049
64709198 83501725
74078173 153639757
-59944063 -54552575
92064703 137504040
-58439674 -51309340
85655014 179788129
81553084 138515207
30568971 72673987
61300905 85388098
89415164 126951652
-84170778 7168517
-36223122 24237737
71952331 128570553
-89218486 -56760097
58670465 67503875
-56297892 8874912
2320648 32364024
-72085197 -54146831
22226116 29470008
-74631697 22714178
87848647 173092499
45379398 138088085
72992761 131875083
69559208 114604042
-64900524 -61338971
-98555793 -70305135
-70775280 -614752
184192 70576422
-81899335 -53457488
-30817634 -29794127
43188891 98277876
64608823 108013576
5689609 48290046
-60404861 -37921412
25219225 76178235
-67801032 -3057443
94844334 99220352
11191001 107509358
47135558 132271829
1526915 75287699
95649371 108282451
-16013692 43977832
35762183 118340539
54542807 73444892
81995407 176994503
-56521221 -23828243
-2926460 83322662
72497788 134916676
-53336683 -40996866
-10957822 31428445
13991665 24067272
-4531056 6033236
-75588406 14793596
-74557799 1464455
60776593 124407083
-11270018 4567657
68957293 129432441
-46170594 -45142649
-47812246 -22663223
-22081025 55451190
27211139 81675982
-32103955 65432102
-83131944 -33199266
7939935 18191990
22505468 60957426
-51392825 -26645746
-32608298 60436183
80905904 84702391
-2526250 19746437
54230232 146310322
41663771 140839734
1585501 18579381
-88003199 -41344395
26427800 67866995
-97885936 -50060821
1581926 29667905
-22780579 67471437
10842611 35882306
70396290 130628148
43280736 112021360
-3541154 48464270
-84812603 -61006363
61598585 157152317
-6254625 41293444
12011606 94089454
35387119 77437923
-50319758 -6330835
-15724586 56389181
-75540496 -65335089
-59134479 -46805900
8414329 50620057
-51527593 -36962150
-22013003 68667078
87477699 122730314
-87865678 -33568196
-8727442 7178959
53954356 136256700
-80564843 -40212961
96283012 115283014
-16841573 7987714
23756822 51397582
-33254047 14040682
69252025 116437468
18484855 81850571
-28464584 -20525930
-79635529 2307842
39454135 45187013
-58586406 816731
-37226651 -910353
48322226 132521597
-86398516 -78227960
-43219067 3763524
-71071409 -19716951
-75152848 -67444177
-99143873 -43437195
-19421310 39639040
39293218 138108023
-23710820 -10251926
-75608636 -57905293
63028114 106187628
13532189 43762142
83077652 116265855
84292846 174730753
-36107882 -34526006
63428490 142033885
35346095 78807048
-95195786 -13897792
51750434 122226608
-99841172 -28136586
37407603 84556026
-6260959 53171642
-44390050 -37639859
-85544596 -69582391
-38525371 -7934812
-81047708 -52058446
-35719264 -13847185
-91510363 -15258641
-72262482 -20342342
32616366 79381607
-38207908 13461055
85616717 142527322
-76454688 -31294873
75806983 134207057
76525094 96170453
-53480672 -41352914
70703190 84923150
34917629 79483976
60679128 103544107
92026092 94794101
-99392903 -72099618
-2282522 35386838
-50180237 -44186803
47765721 84836205
12162333 76110373
24508316 104323315
9572551 75866085
73574296 157046944
27044449 115299914
41922238 138586092
-74788979 -23347491
87864220 183785562
-78649178 -5970991
16470679 36328541
69828119 163486928
-97774434 -85930945
-66616750 -5209284
-97246885 -574925
-40648691 14202441
93371994 148508358
60350897 112625779
-82596459 17121634
9838853 55545350
18907344 110392724
-44828540 21511247
-82633064 -40862849
-62194520 7403152
-49730095 42646979
39057943 135263684
-85541480 -46237623
-56072625 40232527
64596845 150189578
-45940322 40739007
-1172831 10978502
88752272 159054367
-14 -2 23 -1 -22 -18 -19 8 23 0 7 18 13 -4 -22 1 -14 -25 -7 6 19 5 -3 -10 -7 -2 -4 5 -2 -16 -11 -9 0 -22 -3 -21 7 16 -23 24 8 21 2 6 15 15 -23 6 9 -16 12 13 -6 14 11 -1 -14 14 -8 22 18 21 24 -16 25 -1 12 -15 7 -6 -21 2 -16 -9 0 -4 -15 3 5 22 7 11 9 5 16 12 -18 20 -14 -16 10 -21 -16 -5 -11 -22 -21 8 -11 -4 -15 21 23 -18 -13 5 -2 -2 -24 -1 11 1 8 -23 -7 10 11 21 -21 10 17 -8 5 9 -15 12 10 22 -5 -8 -18 8 -15 -25 -9 18 -11 21 10 23 -3 -19 1 18 -6 -8 -23 17 -7 17 -24 14 2 11 5 -11 22 10 -11 -7 -18 -23 22 25 -16 -10 -8 -14 -8 3 18 14 -7 22 24 -17 18 0 14 -4 -25 24 -2 -22 1 -23 20 2 9 -15 -4 22 4 1 -10 -8 14 -16 7 7 -13 -16 -20 3 9 24 18 7 20 7 -1 -6 -13 23 -13 -21 5 17 13 24 -18 0 10 -8 -13 21 -23 15 -17 3 -6 -3 10 -13 -15 15 -15 -15 -12 -13 25 6 10 14 20 6 -21 -6 13 -10 1 7 -8 -20 -2 -11 12 1 -20 7 21 1 3 9 -25 2 6 6 -10 6 10 -20 -15 24 10 -14 -3 -6 -20 25 6 8 -13 -22 15 20 7 -17 18 -20 14 19 -25 -16 3 -1 -15 19 -24 5 7 -7 5 22 4 -22 -17 -16 1 -13 -10 9 -24 11 -9 11 3 23 -17 21 15 3 -6 -3 21 17 -16 9 7 6 -7 17 -1 -12 -4 22 -6 -1 1 24 0 4 15 15 -12 -9 4 -3 16 -6 -23 -15 8 -6 -23 2 2 -5 5 -22 -16 -1 -24 10 23 -21 -23 -19 15 -16 23 19 -25 24 14 1 7 15 -6 21 9 -7 -25 -21 15 -3 -14 21 -5 23 -23 -20 10 7 -16 -9 16 -10 3 -24 12 -9 -8 -11 -19 -20 -11 24 -13 -20 -18 7 6 10 -21 0 17 -21 -19 -6 23 5 -12 -1 9 -10 8 4 -24 -14 12 -16 -2 -7 -10 12 7 11 -3 -25 -3 -9 13 -25 20 -5 8 -8 5 17 -10 -3 18 19 -7 -15 -18 -18 2 -23 4 12 8 -18 -3 -2 -16 13 11 10 0 7 23 -22 1 -18 22 15 -10 -4 16 -21 13 -1 -4 20 12 -15 13 -14 -22 23 25 -10 -23 -6 21 -15 22 15 -14 23 3 -20 -5 -12 4 -10 5 23 -20 16 -10 11 -19 -5 17 -23 11 0 7 -24 13 -18 -15 16 -18 -7 7 13 -12 -18 18 23 -9 21 -10 -16 -23 0 15 -17 -1 24 -25 -14 -8 3 22 10 -9 -24 0 -16 -9 20 -14 9 -14 6 22 7 7 -5 6 -4 0 8 19 -11 -1 -10 -19 -1 -5 -1 -22 -6 -21 -20 -11 -18 -1 4 2 25 -25 9 -11 19 4 -5 -6 18 19 10 -16 23 19 13 17 -12 21 4 11 -22 24 5 -8 24 -23 -16 -2 18 11 -18 -4 -20 -23 5 14 -25 2 -10 17 -23 19 20 22 6 0 24 3 -25 -8 -1 -22 18 18 -21 -17 -23 24 18 -22 10 -17 -23 19 -13 23 -5 2 -20 18 -23 -14 7 24 20 -21 0 24 -2 17 7 -11 22 0 1 4 9 21 2 24 21 25 -23 24 -9 17 -14 8 -4 15 3 25 12 -23 20 5 -24 8 12 5 14 12 9 -14 -20 16 16 3 -20 14 -22 13 25 -7 10 -5 -11 -15 10 17 -14 17 16 -13 -15 -16 -19 -24 10 16 -17 3 -10 -15 -17 12 -6 10 12 -24 -5 -25 -15 -3 25 2 23 14 17 -13 3 15 -6 -25 1 1 19 -7 14 25 17 -3 14 -9 18 21 7 -17 -13 -13 12 -18 20 6 -6 2 15 25 -5 13 -9 15 16 -25 17 17 -4 3 11 -5 14 -24 -4 -16 -15 -8 -7 20 25 19 -16 -11 -9 9 25 -6 19 11 7 0 2 -8 12 -14 -14 -14 -25 6 -3 15 -21 19 -23 25 16 -11 9 18 24 -12 1 -18 -20 22 7 9 -24 -15 -10 14 -12 -2 4 23 25 -23 14 -16 22 6 20 19 9 6 8 -1 22 -2 12 23 24 -10 25 17 7 4 7 -6 -19 -24 13 -7 -19 -20 -4 -15 -4 18 16 11 11 20 -23 21 -8 3 22 2 11 -16 -9 17 -18 8 22 7 10 -2 4 8 5 -19 2 18 1 -5 14 -18 -12 -19 -21 10 -3 -2 -11 22 13 20 17 3 -1 -9 -1 18 1 -8 -6 12 5 -19 -19 1 -17 17 -5 7 -3 3 -22 12 14 -13 -17 -2 -23 4 13 7 -10 1 22 24 -20 5 12 3 -10 -17 18 -9 -13 18 -5 3 3 -17 18 10 -13 11 18 -21 9 12 -4 -12 -5 17 10 23 24 6 -22 -25 -2 9 3 -3 19 22 19 23 -18 -9 -2 17 20 -3 22 18 -23 21 1 -17 -23 -6 -15 19 -19 -23 11 -6 15 24 22 14 -21 -2 24 13 -14 17 8 -1 -19 11 18 -9 22 -23 -18 -14 13 -10 -16 5 -12 22 1 -14 3 16 -1 -24 -14 -14 0 -12 20 -13 14 -23 21 -6 10 -11 23 -21 5 9 21 -12 21 24 -9 -9 -10 -4 5 -12 -9 8 -2 23 11 1 3 24 14 -13 19 -20 4 -22 20 -2 14 -21 -14 23 -15 1 -20 9 8 -14 20 22 18 5 -3 -1 -20 1 6 25 19 -16 -16 -7 -1 2 24 23 -1 12 -12 3 -25 2 21 -12 3 -17 1 -9 -14 4 -8 -10 -12 25 2 0 -21 -25 5 18 -11 7 15 -5 -23 12 -11 -10 3 10 18 21 2 12 18 -4 -9 -9 -6 -1 -18 -18 9 -6 -4 -14 -1 25 15 -7 -23 -14 -15 5 -14 4 2 13 -20 -15 11 6 4 -17 -22 20 2 -2 2 -20 6 13 4 8 1 -17 3 -10 25 -13 -22 -21 -16 13 8 -19 20 -20 -12 -14 -11 -13 18 10 -12 14 22 -5 25 -20 -4 -13 2 -3 19 7 23 15 5 -10 -3 -2 -17 21 18 12 -25 16 18 24 3 17 1 7 22 -18 1 -14 -17 2 -12 -1 6 19 24 1 5 -10 -9 -10 11 -1 22 -21 -2 16 -13 8 -19 20 5 6 9 -14 -9 15 16 -22 6 -23 17 -6 -21 -17 19 20 -12 22 -10 14 -5 -18 3 19 -3 4 23 17 9 -18 -9 -21 5 -17 1 -23 -2 24 9 3 16 14 18 3 11 1 3 23 -2 18 1 16 -13 16 -12 12 9 -21 7 -15 6 23 -9 1 20 22 -12 9 21 7 3 7 5 -5 -15 1 17 -21 18 -7 -20 7 -25 -10 -5 1 25 4 -2 8 21 10 -9 19 -22 11 -18 -15 3 8 -5 -23 -14 -2 22 -8 -17 -10 16 15 0 -21 24 -23 3 13 25 23 -17 -2 13 0 -25 -20 1 17 -6 6 2 -21 19 9 -20 -1 16 0 3 -11 2 8 24 -17 -14 -25 3 13 -16 17 21 -1 6 -16 -8 2 -11 21 -8 10 -9 5 11 23 19 6 5 -11 19 -17 21 2 -14 -14 6 -23 -12 18 11 1 1 23 19 14 9 -3 -9 -14 12 -16 -4 5 21 12 -24 -22 17 7 -3 -19 14 -14 18 9 -8 -1 -2 -20 15 -23 2 -3 12 1 -22 13 18 -3 -10 -8 7 -9 -2 -23 9 -12 14 14 -6 -5 -6 2 -18 -19 -14 -22 5 -3 -18 -18 23 10 -22 20 -4 8 11 20 16 24 4 -19 6 1 20 -17 -25 -2 -19 2 -5 17 -1 -20 17 -24 -16 17 25 -6 -4 -7 13 -2 -21 -14 -10 18 -25 -11 17 -25 4 -15 11 -22 8 -14 12 -18 -18 13 10 19 15 -4 -15 12 11 -15 -13 13 12 -2 -4 5 14 -8 14 -9 -19 -9 -25 -1 24 -18 -12 10 17 -5 13 -22 15 -9 -22 -3 23 1 -13 20 24 20 9 13 -19 -15 15 -9 -11 1 -13 -6 2 -3 16 -6 -21 -25 -6 -12 10 11 20 21 19 0 -5 15 -2 -24 6 6 7 -11 -7 -18 21 18 -13 -12 -2 9 18 -24 -23 2 -9 3 -22 -12 -9 18 20 -14 25 16 -7 -3 -9 -9 -15 3 -22 8 -12 8 6 12 -4 12 8 17 11 -3 -22 11 24 4 13 -24 4 22 10 -1 20 6 14 25 21 -17 -7 7 -10 -18 -15 -14 -9 -7 6 6 4 22 -23 -13 -17 -10 -2 -24 9 20 -1 12 24 9 -23 2 -25 4 -11 10 -15 21 -8 -14 15 22 18 1 -13 17 21 23 -7 24 18 -6 1 -16 24 11 -9 -12 9 22 3 13 -8 -8 24 19 -25 -14 17 -2 -16 -13 -6 22 -18 -5 6 -18 -25 11 -25 -1 -4 -14 -20 19 -7 -20 -21 -20 -13 13 -24 -12 2 -17 10 -2 -24 4 -2 11 -1 16 18 -23 17 7 -16 5 -3 -1 -5 -7 -17 21 8 -19 -10 -10 0 0 -4 5 -5 23 -22 12 6 15 14 16 -7 13 19 20 16 -10 4 15 -2 23 -16 -1 -12 3 19 6 16 -3 -22 -8 8 -8 -14 7 13 -12 21 17 -22 16 0 2 -13 -2 -13 -11 6 -21 23 22 -20 15 -17 18 14 -11 -13 9 -14 6 -21 -12 -1 -18 -13 -18 23 -16 -24 20 -23 3 -21 -18 -23 -14 5 -20 6 10 10 -10 -17 -5 -2 -3 2 17 -9 -20 -22 21 7 23 16 15 10 13 22 11 -9 -12 16 12 3 -7 -17 2 -24 17 -9 24 -23 13 3 -15 9 -14 16 -2 18 20 15 -10 -4 12 -14 -16 22 9 -11 -15 21 -2 22 -17 17 2 -9 -9 4 17 24 3 6 -22 -25 -4 22 12 4 4 16 14 12 20 16 19 -17 -25 -2 25 -9 17 23 14 -1 -9 19 1 20 -16 7 -5 -13 2 8 8 -14 -18 -13 -8 -7 19 24 14 3 -3 -24 17 -7 -8 -8 -16 -8 -22 9 2 4 -16 10 -2 -25 25 -23 -23 19 23 -16 24 18 -4 -11 -16 19 25 1 -2 -18 24 12 24 -8 6 -17 6 -18 -4 -17 -8 -1 -10 -14 11 -22 -4 21 16 -16 12 8 -21 13 0 -6 24 15 -22 -15 -14 16 0 -2 -23 11 -10 16 -21 4 24 11 11 -24 25 20 17 -11 -25 19 5 -4 22 25 -9 25 17 1 -6 -17 -6 -16 -8 -16 12 23 5 14 -1 -19 13 -22 -15 14 25 23 15 22 20 -25 13 -15 -7 9 22 0 -25 13 -6 -20 -13 -14 11 -19 8 -13 18 -15 -3 21 -9 2 7 -19 6 2 20 14 -8 -11 0 8 13 14 19 12 -5 -11 0 11 6 -25 19 -16 -8 8 -10 -8 -20 -4 -4 7 8 10 1 5 13 1 10 20 0 -24 -3 -4 3 -25 -8 -22 -19 -11 16 24 -7 0 -8 -19 -21 5 23 -3 22 -20 -15 24 -22 19 5 -6 -15 18 -15 2 -23 -22 -5 11 2 -11 -12 -9 -7 -22 1 8 -15 12 23 -24 11 -7 9 0 -23 17 14 11 -13 -10 -23 -5 -16 -24 -1 -17 22 -16 -2 25 -7 -4 1 23 -14 5 22 24 -12 24 4 -2 -3 -10 16 -16 19 -6 1 12 -10 -8 21 23 7 -15 -18 12 19 -19 3 -23 -4 19 15 23 1 -4 -24 -14 4 -6 -24 5 -11 -7 -9 4 19 -21 16 -9 9 16 8 -15 1 -22 17 -17 -13 -20 25 10 22 6 -22 -2 16 -6 8 7 -25 -24 -20 25 14 6 1 -11 -4 14 11 12 -22 12 -4 -1 5 -21 1 4 4 16 20 12 22 -24 -10 -8 -1 -13 -25 -11 -24 -25 12 -18 4 21 10 14 -14 21 8 -17 -5 -2 17 -19 -12 -25 0 -9 -23 -14 -15 -1 8 22 -22 -25 -22 13 -1 0 16 17 15 14 18 -20 14 1 11 -17 -9 19 -24 0 10 24 -6 17 -8 -5 16 21 0 -13 18 -12 5 -11 15 -10 16 -18 21 23 21 -7 -21 -12 -15 25 -15 14 -12 -16 22 -25 22 -19 -13 13 -9 19 17 -19 -12 19 -11 -9 12 6 12 6 -22 13 -12 7 -12 23 2 -7 12 -10 18 25 6 9 -24 18 4 -3 3 9 1 23 18 25 25 13 -8 -24 -2 19 16 -3 -15 13 6 -13 23 24 19 3 -4 -15 -11 -17 15 -6 -20 -12 13 -14 14 2 7 -1 -2 -16 25 19 14 9 -10 -7 8 22 -4 11 -25 25 -12 18 -22 -19 -4 -9 0 10 5 24 4 -12 -3 15 16 -7 21 0 -8 15 8 22 -2 15 10 -15 -15 14 -23 -22 4 -5 -18 -22 -12 9 23 -14 0 -10 5 -5 1 -19 -25 3 21 -8 12 -23 -23 6 12 -1 -3 25 13 -23 -5 -24 -8 9 14 -10 2 -17 -20 -20 -3 -12 11 -17 22 -21 18 25 -12 -3 11 13 13 20 7 -1 -22 22 -19 24 -18 -1 -14 1 11 1 -6 -15 -17 22 -6 -19 -1 -4 22 -4 23 17 19 10 7 2 21 10 17 8 -19 -3 20 -24 -3 6 0 -14 7 20 -4 -12 -2 15 -6 20 21 -24 -19 -7 8 -3 -2 -17 2 6 14 -15 17 15 16 10 -25 -19 -15 14 19 -19 -1 20 4 23 -4 18 2 6 -6 -13 2 16 20 10 -17 -7 0 -21 -15 -1 -18 2 14 22 5 -12 3 -2 5 -10 -10 18 18 5 11 0 7 3 9 -21 14 -23 -20 17 15 -22 12 12 10 -13 16 -5 20 17 9 -16 16 19 -8 19 16 -22 7 17 10 -16 23 5 16 -12 25 3 18 -4 20 -12 -6 10 11 0 0 -11 -22 15 4 -25 12 -4 13 19 15 -6 0 -20 -2 14 -2 -5 16 16 -5 1 1 8 3 17 -11 -1 -18 5 -16 -21 -19 23 25 -1 -6 -22 -16 22 24 18 -24 24 22 5 -5 22 2 -4 -18 -10 16 -13 6 23 -24 -22 4 -24 2 13 16 -23 -17 -25 -9 1 -17 21 24 23 -14 16 -21 5 -8 -14 -7 10 23 -15 -14 -16 14 -7 -20 -1 1 11 10 11 9 6 -4 2 -24 6 24 -23 19 -6 -15 -9 -22 -24 -2 0 -19 -7 -19 12 20 -12 -16 -12 24 -7 13 23 2 21 -4 -4 -7 20 -1 -17 1 0 -2 -24 -14 11 -5 -9 -5 -8 -6 -10 5 -21 -10 -4 18 -10 -5 16 -19 20 23 -19 20 -12 22 -18 -19 -4 -20 -5 15 12 -25 9 -8 -10 -1 23
